0	0	1
1	1	1
0	0	1
0	0	1
2	0	1
0	0	1
2	2	1
2	3	1
2	4	1
2	5	1
2	5	1
3	6	1
4	7	1
3	8	1
2	4	1
2	5	1
4	9	1
4	7	1
2	0	1
2	4	1
5	9	1
2	5	1
6	10	1
5	9	1
0	0	1
3	6	1
7	9	1
2	5	1
7	9	1
1	1	1
7	7	1
5	9	1
8	10	1
2	0	1
2	2	1
2	11	1
9	10	1
10	10	1
2	3	1
11	10	1
7	9	1
2	3	1
12	10	1
13	12	1
1	1	1
10	10	1
14	7	1
2	0	1
5	7	1
15	10	1
2	4	1
16	10	1
4	7	1
17	10	1
3	6	1
18	10	1
7	7	1
14	7	1
13	13	1
2	2	1
9	10	1
5	7	1
19	10	1
6	10	1
13	14	1
13	15	1
20	16	1
21	17	1
22	18	1
22	19	1
2	3	1
22	20	1
22	21	1
18	10	1
22	22	1
23	7	1
18	10	1
22	23	1
21	17	1
7	9	1
4	7	1
2	3	1
2	2	1
7	9	1
13	24	1
14	9	1
17	10	1
22	25	1
14	26	1
14	27	1
24	11	1
1	1	1
3	28	1
13	29	1
25	30	1
13	31	1
1	1	1
26	9	1
23	7	1
2	2	1
13	13	1
2	11	1
5	7	1
13	31	1
9	10	1
22	23	1
10	10	1
7	9	1
27	17	1
26	9	1
28	17	1
29	7	1
20	16	1
30	17	1
4	7	1
13	13	1
13	15	1
17	10	1
31	17	1
32	32	1
24	11	1
33	17	1
33	30	1
2	3	1
34	17	1
32	33	1
35	30	1
36	30	1
37	17	1
21	17	1
22	34	1
38	17	1
24	11	1
22	21	1
17	10	1
19	10	1
39	7	1
40	9	1
0	0	1
13	15	1
41	35	1
42	30	1
43	10	1
29	7	1
31	17	1
13	12	1
15	10	1
22	22	1
44	17	1
45	17	1
18	10	1
46	17	1
24	36	1
12	10	1
47	37	1
13	38	1
48	17	1
49	30	1
50	9	1
51	17	1
50	7	1
52	17	1
3	28	1
32	32	1
22	23	1
9	10	1
37	17	1
53	30	1
22	23	1
25	30	1
54	17	1
55	7	1
56	17	1
22	23	1
36	30	1
13	31	1
57	17	1
12	10	1
2	0	1
58	9	1
10	10	1
13	13	1
14	39	1
5	7	1
37	17	1
13	24	1
50	7	1
13	40	1
19	10	1
59	30	1
50	7	1
8	10	1
1	1	1
49	30	1
60	5	1
33	30	1
38	17	1
61	0	1
62	30	1
13	13	1
54	17	1
32	33	1
63	17	1
63	17	1
3	8	1
20	16	1
22	19	1
64	17	1
32	41	1
65	17	1
14	26	1
2	4	1
66	17	1
14	9	1
67	17	1
59	30	1
4	7	1
68	17	1
69	17	1
17	10	1
60	1	1
70	17	1
13	42	1
71	30	1
7	9	1
8	10	1
32	43	1
72	44	1
42	17	1
73	30	1
74	37	1
2	4	1
75	17	1
76	30	1
14	7	1
32	41	1
52	17	1
77	37	1
13	42	1
78	17	1
57	17	1
79	30	1
14	27	1
80	17	1
22	23	1
51	17	1
49	30	1
81	17	1
22	23	1
15	10	1
82	30	1
83	17	1
84	9	1
85	45	1
86	45	1
53	30	1
3	6	1
14	26	1
26	9	1
81	17	1
87	17	1
39	7	1
88	17	1
42	30	1
11	10	1
89	17	1
26	9	1
90	30	1
20	16	1
91	17	1
72	46	1
92	17	1
30	17	1
93	30	1
20	16	1
32	33	1
94	30	1
95	30	1
96	9	1
6	10	1
97	30	1
22	47	1
67	30	1
98	30	1
99	30	1
100	30	1
67	17	1
101	9	1
102	30	1
28	17	1
2	3	1
103	17	1
104	10	1
105	17	1
98	30	1
22	19	1
106	17	1
107	17	1
108	10	1
50	9	1
23	7	1
109	30	1
2	3	1
110	17	1
111	17	1
112	30	1
14	26	1
103	17	1
113	46	1
114	48	1
47	37	1
13	38	1
75	17	1
115	17	1
15	10	1
116	30	1
117	17	1
3	8	1
41	35	1
118	17	1
119	30	1
46	17	1
120	37	1
32	49	1
121	30	1
42	30	1
122	7	1
52	17	1
24	11	1
49	30	1
23	7	1
2	5	1
13	38	1
90	30	1
113	48	1
123	30	1
124	17	1
125	17	1
3	8	1
52	17	1
32	33	1
14	26	1
5	7	1
126	0	1
77	37	1
13	15	1
32	33	1
127	17	1
128	17	1
129	30	1
22	36	1
13	50	1
45	17	1
60	1	1
56	17	1
130	30	1
131	30	1
8	10	1
76	30	1
67	17	1
132	30	1
133	30	1
134	30	1
22	36	1
135	17	1
13	29	1
37	17	1
23	7	1
136	17	1
35	30	1
22	23	1
13	40	1
137	17	1
13	50	1
35	30	1
116	30	1
138	30	1
139	17	1
28	17	1
140	17	1
141	9	1
113	51	1
25	30	1
142	17	1
143	17	1
58	7	1
79	30	1
144	9	1
145	30	1
32	41	1
120	37	1
146	17	1
147	17	1
100	30	1
148	17	1
33	30	1
149	17	1
150	30	1
149	17	1
75	17	1
141	9	1
151	17	1
152	33	1
153	17	1
154	17	1
155	30	1
156	30	1
157	30	1
158	30	1
22	0	1
159	17	1
160	45	1
9	10	1
153	17	1
161	17	1
55	9	1
162	30	1
163	30	1
59	30	1
164	30	1
93	30	1
42	17	1
100	30	1
22	47	1
146	30	1
165	30	1
103	17	1
49	30	1
38	17	1
166	17	1
87	17	1
167	17	1
96	9	1
168	17	1
169	17	1
170	17	1
171	17	1
90	30	1
172	17	1
132	30	1
173	30	1
174	17	1
175	30	1
102	30	1
176	30	1
131	30	1
67	30	1
68	17	1
177	30	1
155	30	1
178	30	1
72	51	1
179	30	1
173	30	1
156	30	1
180	17	1
70	17	1
170	17	1
55	7	1
109	30	1
181	45	1
160	45	1
115	30	1
111	17	1
182	30	1
131	30	1
144	9	1
136	17	1
183	17	1
53	30	1
36	30	1
160	49	1
2	2	1
184	30	1
22	25	1
72	43	1
185	30	1
139	17	1
3	28	1
22	19	1
186	30	1
38	17	1
52	17	1
112	30	1
187	52	1
18	10	1
188	30	1
189	17	1
22	19	1
157	30	1
190	17	1
60	5	1
85	45	1
113	46	1
191	17	1
108	10	1
152	53	1
192	17	1
193	41	1
194	17	1
38	17	1
195	30	1
171	17	1
138	30	1
60	1	1
93	30	1
196	17	1
155	30	1
155	30	1
81	17	1
197	17	1
152	49	1
198	30	1
67	30	1
90	30	1
199	17	1
200	17	1
201	30	1
136	17	1
23	7	1
202	30	1
189	17	1
203	30	1
204	17	1
205	17	1
61	0	1
206	17	1
207	17	1
60	0	1
208	17	1
209	17	1
9	10	1
210	17	1
211	17	1
123	30	1
133	30	1
212	30	1
213	17	1
210	17	1
143	17	1
192	17	1
45	17	1
164	30	1
88	17	1
42	17	1
22	54	1
88	17	1
130	30	1
135	17	1
214	17	1
191	17	1
40	9	1
215	17	1
213	17	1
216	17	1
3	28	1
217	17	1
160	55	1
218	17	1
219	30	1
149	17	1
188	30	1
220	17	1
221	17	1
222	17	1
223	17	1
224	30	1
225	30	1
213	17	1
226	17	1
227	17	1
73	30	1
228	56	1
229	17	1
13	14	1
26	9	1
147	30	1
230	30	1
231	30	1
163	30	1
216	30	1
13	40	1
36	30	1
232	30	1
199	17	1
226	17	1
13	50	1
233	17	1
68	17	1
234	30	1
122	7	1
235	30	1
236	30	1
237	17	1
238	30	1
239	41	1
240	30	1
241	17	1
242	17	1
15	10	1
193	41	1
128	17	1
58	7	1
14	39	1
123	30	1
32	41	1
243	17	1
203	30	1
244	30	1
30	17	1
106	17	1
245	17	1
92	17	1
96	9	1
246	17	1
231	30	1
30	17	1
133	30	1
247	17	1
248	30	1
249	17	1
248	30	1
250	10	1
147	30	1
123	30	1
183	17	1
24	5	1
70	17	1
251	17	1
65	17	1
252	17	1
244	30	1
253	17	1
254	17	1
208	17	1
255	17	1
256	17	1
257	30	1
106	17	1
258	30	1
2	2	1
259	17	1
175	30	1
13	12	1
114	43	1
260	30	1
261	30	1
262	30	1
113	46	1
243	17	1
105	17	1
263	30	1
264	17	1
171	17	1
172	17	1
46	17	1
65	17	1
257	30	1
49	30	1
218	17	1
84	9	1
265	17	1
266	30	1
267	30	1
137	17	1
268	17	1
269	30	1
196	30	1
127	17	1
140	17	1
270	17	1
86	45	1
271	17	1
106	17	1
260	30	1
272	17	1
239	41	1
273	17	1
54	17	1
97	30	1
100	17	1
274	30	1
275	30	1
2	2	1
276	17	1
277	17	1
97	30	1
278	17	1
279	30	1
280	30	1
83	17	1
152	33	1
281	17	1
282	17	1
283	17	1
284	17	1
285	30	1
286	37	1
287	17	1
288	17	1
205	17	1
87	17	1
289	30	1
92	17	1
290	17	1
58	7	1
183	30	1
206	17	1
186	30	1
167	17	1
97	30	1
72	51	1
291	17	1
5	7	1
292	30	1
293	17	1
294	51	1
213	17	1
295	30	1
13	24	1
296	7	1
297	30	1
242	17	1
104	10	1
298	17	1
54	17	1
299	17	1
113	48	1
113	51	1
300	17	1
301	30	1
302	17	1
248	17	1
131	30	1
303	17	1
225	30	1
304	30	1
160	49	1
34	17	1
11	10	1
81	17	1
134	30	1
305	30	1
286	9	1
155	30	1
132	30	1
281	17	1
226	17	1
30	17	1
306	30	1
307	17	1
308	17	1
309	30	1
248	17	1
310	30	1
205	17	1
311	17	1
74	37	1
63	17	1
50	7	1
312	30	1
313	17	1
314	30	1
315	30	1
316	30	1
317	17	1
272	17	1
98	30	1
36	30	1
318	17	1
124	17	1
72	46	1
148	17	1
115	30	1
278	17	1
319	30	1
320	30	1
160	55	1
176	30	1
321	30	1
322	37	1
15	10	1
323	17	1
324	30	1
24	11	1
325	46	1
234	30	1
326	30	1
35	30	1
327	17	1
310	30	1
316	30	1
328	17	1
46	17	1
210	17	1
329	30	1
330	30	1
69	17	1
238	30	1
113	48	1
331	17	1
332	30	1
21	17	1
333	17	1
334	17	1
74	37	1
39	7	1
335	30	1
336	17	1
337	30	1
338	17	1
232	30	1
339	30	1
24	11	1
340	17	1
50	9	1
341	30	1
22	22	1
155	30	1
342	30	1
343	17	1
139	17	1
279	30	1
344	30	1
334	17	1
194	17	1
345	17	1
77	30	1
41	35	1
346	17	1
347	30	1
348	30	1
333	17	1
271	17	1
349	30	1
200	17	1
160	49	1
350	30	1
276	17	1
7	7	1
351	17	1
352	17	1
353	33	1
17	10	1
354	30	1
355	17	1
356	17	1
357	30	1
274	30	1
358	30	1
13	13	1
359	17	1
164	30	1
360	17	1
2	3	1
361	43	1
362	7	1
171	17	1
294	53	1
363	30	1
42	30	1
146	30	1
364	30	1
365	51	1
366	17	1
114	48	1
153	17	1
280	30	1
2	4	1
367	30	1
316	30	1
309	30	1
9	10	1
22	0	1
368	17	1
369	17	1
370	30	1
371	30	1
372	30	1
373	30	1
235	30	1
187	52	1
48	17	1
58	7	1
374	17	1
95	30	1
72	44	1
193	32	1
2	11	1
375	30	1
200	17	1
200	17	1
376	30	1
377	17	1
378	17	1
379	30	1
222	17	1
289	30	1
380	17	1
127	17	1
381	30	1
272	17	1
118	17	1
28	17	1
156	30	1
382	30	1
383	17	1
13	38	1
32	33	1
384	30	1
370	30	1
385	17	1
386	17	1
145	30	1
387	9	1
324	17	1
388	17	1
213	17	1
100	30	1
389	30	1
64	17	1
390	17	1
391	30	1
220	17	1
373	30	1
365	51	1
296	9	1
392	17	1
353	51	1
365	44	1
249	30	1
393	17	1
133	30	1
12	10	1
32	33	1
394	17	1
395	17	1
396	17	1
79	30	1
224	30	1
297	30	1
397	17	1
398	30	1
109	30	1
399	17	1
72	46	1
400	30	1
401	17	1
402	17	1
403	45	1
34	30	1
404	17	1
72	44	1
391	30	1
405	30	1
406	17	1
361	49	1
238	30	1
407	17	1
408	51	1
409	17	1
78	17	1
340	17	1
410	30	1
411	17	1
201	30	1
202	30	1
412	30	1
413	17	1
414	17	1
180	17	1
60	1	1
415	17	1
416	17	1
417	17	1
418	17	1
419	30	1
116	30	1
39	7	1
420	17	1
340	17	1
421	17	1
18	10	1
413	17	1
422	17	1
423	30	1
190	17	1
181	45	1
37	17	1
424	17	1
425	17	1
173	30	1
197	17	1
426	17	1
92	17	1
427	30	1
428	17	1
429	17	1
100	30	1
120	37	1
430	30	1
122	7	1
283	17	1
152	53	1
431	30	1
351	17	1
432	17	1
193	32	1
375	30	1
319	30	1
433	30	1
434	30	1
57	17	1
400	30	1
90	30	1
435	17	1
217	17	1
436	17	1
22	21	1
437	17	1
144	9	1
160	57	1
108	10	1
201	30	1
438	17	1
439	17	1
318	17	1
340	17	1
440	17	1
441	30	1
442	17	1
353	41	1
218	17	1
443	17	1
320	30	1
444	17	1
445	17	1
446	30	1
345	17	1
5	9	1
105	17	1
62	30	1
37	17	1
122	7	1
16	10	1
93	30	1
447	17	1
246	17	1
32	49	1
80	17	1
448	17	1
449	9	1
450	7	1
42	17	1
451	37	1
452	9	1
453	17	1
311	30	1
235	17	1
454	17	1
3	6	1
455	17	1
186	30	1
456	30	1
144	9	1
457	30	1
187	52	1
458	30	1
459	17	1
247	17	1
460	17	1
235	30	1
310	30	1
33	17	1
357	30	1
461	17	1
282	17	1
25	30	1
462	30	1
317	17	1
49	30	1
284	17	1
463	17	1
464	30	1
151	17	1
465	17	1
285	30	1
466	30	1
467	17	1
69	17	1
468	17	1
327	17	1
106	17	1
4	7	1
469	30	1
45	17	1
58	7	1
72	43	1
208	17	1
470	30	1
471	17	1
13	42	1
182	30	1
416	17	1
472	17	1
180	17	1
432	17	1
13	40	1
214	17	1
450	9	1
473	17	1
474	17	1
475	17	1
72	44	1
476	17	1
477	17	1
478	37	1
249	30	1
479	17	1
27	17	1
480	17	1
481	17	1
482	17	1
483	17	1
216	17	1
484	30	1
193	41	1
35	30	1
485	17	1
196	30	1
486	17	1
128	17	1
139	17	1
487	17	1
488	30	1
489	17	1
313	17	1
490	17	1
361	46	1
491	17	1
157	30	1
492	17	1
493	17	1
494	30	1
3	28	1
495	17	1
406	17	1
158	30	1
496	17	1
497	17	1
186	30	1
498	17	1
499	17	1
103	17	1
500	30	1
12	10	1
501	9	1
502	17	1
137	17	1
503	30	1
91	17	1
437	17	1
263	30	1
504	30	1
505	17	1
505	17	1
506	30	1
433	17	1
422	17	1
19	10	1
507	17	1
508	17	1
509	17	1
510	17	1
137	17	1
511	30	1
416	17	1
512	17	1
473	17	1
513	17	1
514	30	1
515	17	1
516	30	1
77	37	1
517	30	1
518	17	1
428	17	1
519	32	1
520	17	1
224	30	1
521	17	1
522	17	1
152	49	1
523	17	1
122	9	1
524	30	1
169	17	1
208	17	1
66	30	1
525	30	1
526	17	1
527	17	1
501	7	1
171	30	1
528	17	1
529	17	1
530	17	1
531	30	1
532	17	1
533	30	1
534	17	1
488	30	1
535	17	1
536	30	1
512	17	1
117	17	1
147	17	1
537	17	1
538	17	1
194	30	1
539	30	1
540	17	1
541	17	1
542	30	1
511	17	1
543	30	1
164	30	1
544	17	1
492	17	1
277	17	1
313	17	1
511	17	1
545	17	1
266	30	1
546	17	1
513	17	1
86	45	1
547	17	1
548	30	1
110	17	1
549	30	1
550	17	1
551	17	1
72	41	1
361	58	1
13	50	1
552	30	1
553	17	1
551	17	1
554	17	1
183	30	1
555	30	1
13	38	1
160	45	1
270	17	1
502	17	1
262	30	1
296	9	1
556	17	1
502	17	1
557	30	1
558	17	1
432	17	1
559	17	1
560	30	1
56	17	1
561	17	1
521	17	1
519	43	1
287	17	1
562	37	1
443	17	1
550	17	1
193	58	1
5	7	1
563	7	1
133	30	1
529	17	1
547	17	1
251	17	1
564	17	1
565	17	1
2	5	1
238	30	1
566	17	1
34	30	1
295	17	1
567	30	1
144	9	1
181	45	1
340	17	1
394	17	1
237	17	1
568	17	1
517	30	1
569	30	1
557	30	1
127	17	1
570	17	1
254	17	1
43	10	1
123	30	1
89	17	1
571	30	1
572	30	1
479	17	1
573	17	1
555	30	1
136	17	1
160	55	1
512	17	1
24	36	1
353	58	1
574	30	1
575	17	1
576	17	1
577	30	1
201	30	1
578	17	1
579	17	1
580	17	1
517	30	1
188	30	1
581	30	1
303	17	1
230	30	1
582	17	1
37	17	1
381	30	1
572	30	1
9	10	1
269	30	1
249	17	1
77	37	1
303	17	1
583	30	1
309	30	1
59	30	1
489	17	1
277	17	1
584	17	1
497	17	1
585	17	1
585	17	1
212	30	1
5	9	1
241	17	1
13	15	1
586	56	1
368	17	1
587	30	1
588	17	1
378	17	1
120	37	1
589	17	1
22	47	1
566	30	1
590	17	1
143	17	1
187	52	1
100	30	1
591	45	1
180	17	1
2	3	1
274	30	1
266	30	1
557	30	1
592	17	1
113	41	1
216	17	1
228	56	1
484	30	1
299	17	1
593	17	1
289	30	1
594	17	1
595	30	1
87	17	1
596	17	1
597	17	1
398	17	1
129	30	1
598	30	1
323	17	1
239	51	1
546	17	1
599	30	1
35	30	1
112	17	1
78	17	1
586	43	1
70	17	1
25	30	1
600	17	1
102	30	1
446	30	1
13	40	1
601	17	1
160	57	1
366	17	1
602	17	1
408	48	1
106	30	1
161	17	1
353	32	1
187	52	1
77	30	1
603	30	1
604	17	1
605	30	1
606	30	1
13	15	1
218	17	1
607	30	1
404	30	1
608	30	1
283	17	1
609	17	1
84	9	1
47	37	1
610	17	1
482	17	1
492	17	1
611	30	1
184	30	1
612	30	1
82	30	1
613	17	1
501	7	1
614	30	1
615	17	1
616	37	1
617	37	1
618	17	1
619	17	1
310	30	1
171	17	1
620	17	1
329	30	1
621	17	1
414	17	1
622	30	1
31	17	1
623	30	1
624	17	1
130	30	1
625	30	1
2	11	1
13	24	1
626	17	1
627	17	1
182	30	1
13	38	1
628	30	1
628	30	1
629	17	1
503	30	1
298	17	1
315	30	1
560	30	1
630	17	1
7	7	1
577	30	1
361	43	1
631	17	1
227	17	1
63	17	1
112	30	1
532	17	1
632	30	1
146	17	1
633	17	1
53	30	1
44	17	1
631	17	1
24	11	1
33	30	1
14	39	1
557	30	1
634	17	1
24	0	1
169	17	1
635	17	1
636	17	1
637	17	1
562	37	1
545	17	1
638	17	1
639	17	1
36	30	1
113	48	1
24	11	1
640	30	1
100	17	1
641	30	1
642	30	1
643	17	1
251	17	1
644	17	1
210	17	1
645	49	1
353	33	1
394	17	1
421	17	1
478	37	1
646	30	1
388	17	1
647	17	1
196	30	1
648	30	1
322	37	1
348	30	1
649	30	1
650	17	1
604	17	1
2	0	1
651	30	1
160	49	1
584	17	1
652	17	1
132	30	1
360	17	1
418	17	1
653	17	1
22	21	1
216	17	1
556	17	1
654	17	1
472	17	1
80	17	1
655	17	1
656	30	1
519	41	1
657	17	1
658	17	1
659	30	1
87	17	1
660	30	1
5	9	1
175	30	1
661	17	1
113	43	1
662	17	1
259	17	1
663	17	1
475	17	1
173	30	1
95	30	1
136	17	1
517	30	1
566	17	1
101	9	1
555	30	1
664	17	1
665	17	1
215	17	1
13	15	1
666	17	1
78	17	1
667	51	1
668	17	1
159	17	1
14	9	1
656	30	1
72	44	1
634	17	1
173	30	1
60	5	1
172	17	1
152	33	1
216	30	1
329	30	1
669	30	1
42	17	1
416	17	1
479	17	1
415	17	1
670	9	1
671	17	1
335	30	1
640	17	1
672	17	1
673	17	1
674	17	1
675	17	1
243	17	1
603	30	1
676	30	1
677	17	1
646	30	1
135	17	1
678	17	1
679	17	1
680	17	1
0	0	1
199	17	1
681	17	1
294	53	1
682	17	1
22	36	1
683	30	1
659	30	1
684	17	1
685	30	1
686	17	1
13	29	1
4	7	1
501	7	1
647	17	1
650	17	1
361	43	1
687	17	1
500	17	1
688	17	1
689	17	1
690	17	1
624	17	1
327	17	1
22	47	1
281	17	1
201	30	1
498	17	1
160	55	1
691	17	1
383	17	1
692	17	1
693	17	1
511	30	1
14	26	1
228	58	1
694	17	1
113	41	1
695	17	1
696	30	1
86	45	1
697	17	1
698	30	1
699	17	1
42	30	1
376	30	1
358	30	1
122	9	1
700	17	1
211	17	1
285	30	1
381	30	1
701	17	1
126	0	1
419	30	1
665	17	1
702	17	1
564	17	1
306	30	1
703	30	1
704	17	1
705	30	1
706	17	1
642	30	1
22	34	1
707	17	1
708	17	1
173	30	1
621	17	1
13	50	1
571	30	1
709	30	1
710	30	1
711	17	1
74	37	1
18	10	1
430	30	1
712	17	1
359	17	1
604	17	1
713	17	1
714	9	1
665	17	1
674	17	1
13	29	1
715	30	1
716	17	1
717	30	1
718	17	1
246	17	1
427	17	1
719	17	1
720	17	1
617	37	1
611	30	1
721	17	1
125	17	1
722	30	1
517	30	1
723	30	1
682	17	1
724	17	1
725	17	1
287	17	1
417	17	1
10	10	1
726	30	1
610	17	1
160	57	1
196	30	1
711	17	1
727	30	1
37	17	1
9	10	1
7	9	1
728	17	1
729	30	1
193	41	1
96	9	1
248	30	1
730	17	1
697	37	1
731	17	1
507	17	1
645	53	1
508	17	1
732	9	1
104	10	1
733	30	1
93	30	1
734	17	1
735	44	1
736	30	1
737	17	1
738	17	1
739	30	1
740	30	1
29	7	1
626	17	1
114	43	1
88	17	1
3	6	1
741	17	1
25	30	1
742	7	1
743	30	1
178	30	1
245	17	1
744	17	1
22	20	1
745	17	1
376	30	1
603	30	1
174	17	1
746	30	1
248	17	1
747	17	1
748	17	1
612	30	1
749	30	1
562	37	1
750	30	1
751	30	1
752	30	1
228	46	1
426	17	1
598	17	1
669	30	1
753	17	1
597	17	1
444	17	1
44	17	1
125	17	1
659	30	1
471	17	1
754	17	1
430	30	1
32	32	1
755	17	1
756	17	1
394	17	1
757	17	1
758	30	1
759	17	1
513	17	1
760	17	1
536	30	1
300	17	1
761	17	1
762	30	1
607	30	1
763	30	1
731	17	1
180	17	1
361	58	1
323	17	1
10	10	1
764	30	1
233	17	1
765	17	1
585	17	1
382	17	1
639	17	1
766	51	1
633	17	1
767	30	1
768	17	1
573	17	1
22	18	1
769	17	1
369	17	1
613	17	1
770	30	1
385	17	1
771	17	1
772	30	1
773	17	1
188	30	1
621	30	1
766	51	1
629	17	1
774	17	1
22	0	1
775	17	1
599	30	1
734	17	1
13	59	1
776	30	1
130	30	1
777	30	1
519	33	1
24	11	1
343	17	1
732	9	1
501	7	1
706	17	1
699	17	1
778	30	1
170	17	1
779	17	1
417	17	1
473	17	1
88	17	1
127	17	1
780	17	1
781	17	1
782	17	1
265	17	1
765	17	1
506	30	1
291	17	1
783	33	1
463	17	1
784	17	1
785	30	1
316	30	1
405	30	1
311	17	1
786	30	1
787	17	1
788	30	1
789	9	1
790	17	1
791	17	1
730	17	1
383	17	1
792	30	1
793	17	1
794	17	1
795	30	1
586	56	1
191	17	1
239	41	1
26	9	1
796	30	1
797	37	1
699	17	1
735	32	1
189	17	1
798	30	1
799	17	1
210	17	1
800	17	1
801	17	1
689	17	1
802	9	1
803	30	1
804	17	1
783	43	1
24	0	1
805	17	1
458	30	1
768	17	1
702	17	1
160	45	1
14	7	1
103	17	1
806	17	1
807	9	1
808	17	1
809	17	1
224	30	1
810	17	1
404	17	1
811	9	1
812	30	1
813	17	1
814	30	1
815	17	1
351	17	1
816	30	1
792	30	1
817	30	1
31	17	1
818	17	1
819	30	1
820	17	1
821	30	1
607	30	1
822	17	1
823	17	1
824	17	1
825	30	1
826	30	1
827	45	1
806	17	1
151	17	1
828	17	1
732	9	1
22	23	1
829	17	1
830	17	1
334	17	1
644	17	1
831	9	1
832	17	1
833	30	1
834	17	1
835	17	1
836	17	1
746	30	1
382	30	1
431	30	1
837	17	1
838	60	1
839	17	1
20	16	1
840	9	1
113	46	1
841	17	1
135	17	1
239	51	1
842	30	1
843	17	1
844	17	1
400	30	1
68	17	1
845	17	1
224	30	1
352	17	1
846	7	1
179	30	1
847	17	1
848	30	1
585	37	1
849	17	1
850	17	1
851	30	1
657	17	1
805	17	1
756	17	1
55	9	1
409	17	1
818	17	1
353	33	1
852	30	1
853	17	1
830	17	1
145	30	1
854	17	1
855	30	1
502	17	1
827	45	1
395	17	1
309	30	1
856	30	1
857	17	1
30	17	1
108	10	1
858	17	1
859	9	1
743	30	1
860	17	1
861	30	1
464	30	1
862	17	1
478	37	1
863	17	1
864	30	1
735	49	1
865	17	1
866	30	1
414	17	1
867	17	1
791	17	1
868	17	1
376	30	1
869	17	1
870	17	1
743	30	1
506	30	1
566	17	1
76	30	1
344	30	1
871	30	1
872	17	1
570	17	1
873	30	1
117	17	1
524	30	1
611	30	1
174	17	1
820	17	1
293	17	1
807	9	1
467	17	1
217	17	1
874	30	1
875	17	1
876	30	1
32	32	1
496	17	1
730	17	1
877	17	1
443	17	1
878	17	1
879	30	1
880	61	1
881	17	1
882	30	1
883	30	1
884	30	1
678	17	1
2	11	1
885	30	1
886	30	1
887	17	1
801	17	1
888	17	1
502	17	1
267	30	1
889	0	1
890	9	1
3	6	1
121	30	1
672	17	1
635	17	1
891	17	1
160	45	1
892	17	1
610	17	1
123	30	1
9	10	1
441	30	1
893	17	1
586	51	1
493	17	1
894	17	1
834	17	1
895	30	1
850	17	1
896	5	1
272	17	1
897	17	1
898	30	1
680	17	1
637	30	1
583	30	1
809	17	1
842	30	1
578	17	1
899	30	1
604	17	1
900	17	1
374	17	1
598	17	1
854	17	1
901	30	1
902	17	1
125	17	1
736	30	1
327	17	1
23	7	1
108	10	1
903	30	1
858	17	1
904	17	1
424	17	1
905	30	1
906	17	1
122	7	1
864	30	1
907	30	1
746	30	1
908	17	1
349	30	1
259	17	1
909	62	1
910	30	1
649	30	1
911	30	1
912	62	1
285	30	1
289	30	1
913	63	1
511	17	1
913	64	1
914	30	1
742	7	1
493	17	1
783	49	1
450	9	1
566	30	1
915	30	1
916	62	1
913	65	1
917	30	1
76	30	1
450	9	1
918	30	1
142	17	1
919	17	1
920	17	1
921	17	1
264	17	1
922	30	1
923	31	1
924	30	1
925	30	1
334	17	1
760	17	1
814	30	1
434	30	1
926	17	1
490	17	1
14	9	1
927	17	1
494	30	1
928	17	1
929	30	1
880	61	1
930	60	1
460	17	1
913	66	1
931	30	1
144	9	1
306	30	1
511	30	1
842	30	1
932	25	1
645	33	1
933	9	1
474	17	1
934	17	1
365	43	1
935	17	1
266	30	1
936	17	1
937	67	1
938	36	1
531	30	1
621	30	1
143	17	1
939	7	1
940	17	1
488	30	1
222	17	1
941	17	1
247	17	1
639	17	1
430	17	1
64	17	1
23	7	1
913	68	1
942	30	1
755	17	1
705	30	1
851	30	1
735	32	1
943	0	1
581	30	1
923	59	1
22	36	1
944	11	1
945	30	1
880	21	1
721	17	1
946	17	1
433	30	1
947	17	1
511	30	1
593	17	1
948	30	1
949	69	1
573	17	1
652	17	1
86	45	1
246	17	1
854	17	1
950	17	1
951	30	1
952	17	1
919	17	1
46	17	1
953	30	1
954	17	1
685	30	1
401	17	1
870	17	1
913	70	1
774	17	1
896	5	1
944	71	1
955	30	1
101	9	1
924	30	1
189	17	1
11	10	1
956	37	1
408	51	1
957	2	1
956	37	1
47	37	1
958	0	1
247	17	1
959	23	1
4	9	1
960	17	1
961	17	1
962	51	1
140	17	1
963	7	1
22	47	1
647	17	1
964	30	1
965	17	1
531	17	1
368	17	1
766	32	1
344	30	1
165	30	1
490	17	1
17	10	1
966	17	1
284	17	1
295	17	1
337	30	1
341	30	1
967	17	1
236	30	1
968	30	1
913	72	1
969	17	1
746	30	1
68	17	1
970	17	1
971	62	1
972	17	1
973	30	1
959	71	1
484	30	1
974	17	1
975	30	1
976	17	1
977	30	1
978	62	1
820	17	1
932	19	1
979	47	1
980	30	1
640	17	1
855	30	1
981	30	1
611	30	1
72	46	1
982	10	1
983	30	1
418	30	1
984	30	1
323	17	1
176	30	1
985	17	1
501	7	1
780	17	1
40	9	1
120	37	1
31	17	1
221	17	1
986	30	1
680	17	1
289	30	1
382	30	1
906	17	1
186	30	1
987	30	1
179	30	1
465	17	1
988	45	1
989	60	1
990	2	1
913	73	1
359	17	1
991	22	1
759	30	1
992	30	1
173	30	1
567	30	1
993	17	1
994	62	1
990	19	1
995	17	1
996	17	1
853	17	1
997	30	1
998	61	1
985	17	1
437	17	1
695	17	1
306	30	1
51	17	1
999	17	1
1000	7	1
1001	17	1
1002	0	1
219	30	1
949	74	1
1003	17	1
1004	67	1
877	17	1
1004	18	1
75	17	1
1005	30	1
37	17	1
127	17	1
808	17	1
1006	30	1
238	30	1
937	67	1
1007	75	1
415	17	1
868	17	1
869	30	1
529	17	1
738	17	1
334	17	1
1008	30	1
1009	17	1
447	17	1
249	17	1
1010	17	1
186	30	1
1011	17	1
913	63	1
1012	0	1
1013	30	1
870	17	1
1014	30	1
1015	17	1
557	30	1
1016	17	1
954	17	1
1017	37	1
1018	30	1
704	17	1
949	69	1
444	17	1
34	17	1
1019	17	1
817	30	1
1020	17	1
1021	17	1
273	17	1
574	30	1
923	59	1
352	17	1
714	9	1
632	30	1
387	9	1
1022	17	1
264	17	1
1023	30	1
1024	17	1
452	9	1
1004	21	1
1025	71	1
1026	30	1
1025	5	1
467	17	1
820	17	1
353	41	1
1027	5	1
1028	17	1
697	17	1
1029	17	1
39	7	1
1030	33	1
1031	2	1
1032	17	1
1033	30	1
1004	54	1
279	30	1
1034	17	1
1035	17	1
463	17	1
712	17	1
1036	17	1
1037	17	1
1038	17	1
461	17	1
860	17	1
103	17	1
1039	17	1
2	4	1
985	17	1
1040	30	1
208	17	1
1041	5	1
1042	30	1
152	53	1
1043	17	1
1044	17	1
1045	17	1
841	30	1
1046	17	1
1026	30	1
13	40	1
913	76	1
202	30	1
1047	17	1
113	46	1
19	10	1
714	7	1
508	17	1
874	17	1
1048	62	1
414	17	1
1049	30	1
235	30	1
352	17	1
558	17	1
1050	0	1
1051	10	1
504	30	1
1052	30	1
949	77	1
810	17	1
1053	30	1
717	30	1
592	17	1
355	17	1
1048	34	1
514	30	1
1054	17	1
1055	17	1
1056	17	1
1057	30	1
1058	36	1
481	17	1
584	17	1
1059	17	1
269	30	1
923	31	1
1060	17	1
1061	17	1
1062	11	1
7	7	1
1063	60	1
233	17	1
1064	30	1
1065	17	1
576	30	1
133	30	1
1066	60	1
731	17	1
913	76	1
22	0	1
110	17	1
148	17	1
1067	30	1
1068	30	1
872	17	1
1069	17	1
474	17	1
340	17	1
1070	5	1
1071	17	1
1027	5	1
1072	21	1
1073	62	1
959	47	1
1074	30	1
391	30	1
503	30	1
1075	0	1
123	30	1
1010	17	1
583	30	1
663	17	1
811	7	1
1076	0	1
364	30	1
1077	11	1
1032	17	1
1078	2	1
857	17	1
361	49	1
922	30	1
836	17	1
1079	17	1
1080	17	1
1081	17	1
1082	5	1
926	17	1
1083	36	1
931	30	1
1084	17	1
129	30	1
1085	17	1
1086	5	1
913	78	1
206	17	1
568	17	1
264	17	1
1087	17	1
979	18	1
202	30	1
14	26	1
1088	30	1
771	17	1
1089	45	1
762	30	1
1090	30	1
436	17	1
678	17	1
392	17	1
1091	75	1
1092	0	1
1093	62	1
1013	30	1
675	17	1
1094	2	1
1095	17	1
385	17	1
1096	9	1
1097	17	1
1098	62	1
1099	2	1
220	17	1
44	17	1
386	17	1
707	17	1
33	17	1
1100	17	1
346	17	1
729	30	1
617	37	1
1101	53	1
1048	34	1
552	30	1
964	30	1
1102	17	1
1103	30	1
874	30	1
1104	62	1
224	30	1
1105	62	1
1106	62	1
295	17	1
559	17	1
1107	0	1
137	17	1
913	79	1
815	17	1
442	17	1
22	25	1
1108	17	1
47	37	1
671	17	1
1109	30	1
1110	5	1
1111	22	1
1112	0	1
37	17	1
1113	30	1
1099	62	1
923	15	1
904	17	1
1114	30	1
1115	17	1
1116	62	1
894	30	1
412	30	1
956	37	1
783	9	1
1117	17	1
1118	36	1
1119	17	1
959	67	1
982	10	1
1120	60	1
152	46	1
1121	17	1
782	17	1
1077	0	1
76	30	1
403	45	1
1122	17	1
740	30	1
1091	54	1
365	43	1
1089	45	1
1123	17	1
784	17	1
948	30	1
1124	17	1
1125	17	1
1126	17	1
1072	22	1
1127	17	1
89	17	1
1128	17	1
1129	18	1
1130	30	1
1131	10	1
1132	17	1
563	7	1
114	56	1
476	17	1
181	45	1
1133	5	1
1134	17	1
1135	17	1
959	23	1
403	45	1
1136	62	1
1137	9	1
1138	30	1
1095	17	1
1139	17	1
1140	17	1
1141	30	1
761	17	1
645	53	1
1142	30	1
1107	0	1
657	17	1
180	17	1
1031	22	1
1143	30	1
427	30	1
478	37	1
1045	17	1
492	17	1
1144	17	1
698	30	1
464	30	1
1145	61	1
748	17	1
1099	20	1
1105	62	1
1146	80	1
334	30	1
1129	11	1
14	39	1
1147	30	1
151	17	1
13	13	1
1127	17	1
631	17	1
720	17	1
1148	30	1
112	17	1
1149	62	1
1150	0	1
861	30	1
1151	2	1
1152	17	1
1153	2	1
1078	67	1
973	30	1
760	17	1
1154	17	1
589	30	1
929	30	1
645	53	1
874	17	1
1155	19	1
1156	30	1
1157	9	1
477	17	1
951	30	1
1158	47	1
613	17	1
1159	17	1
1054	17	1
959	54	1
937	62	1
1160	2	1
464	30	1
1161	17	1
880	21	1
353	41	1
416	17	1
1091	54	1
1162	17	1
1030	49	1
176	30	1
1163	5	1
1164	17	1
913	81	1
1165	22	1
1166	9	1
227	17	1
133	30	1
1153	2	1
1167	30	1
1168	61	1
923	42	1
965	17	1
849	17	1
1169	10	1
662	17	1
1129	34	1
304	30	1
960	17	1
1170	0	1
1171	62	1
156	30	1
1053	30	1
1172	17	1
809	17	1
324	30	1
430	17	1
471	17	1
110	17	1
254	17	1
1173	17	1
354	30	1
172	17	1
1174	71	1
341	30	1
1175	30	1
146	30	1
347	30	1
1176	21	1
535	17	1
532	17	1
1177	62	1
861	30	1
1097	17	1
1178	62	1
1179	17	1
50	9	1
1180	17	1
360	17	1
1145	22	1
1154	17	1
840	9	1
1181	30	1
1182	21	1
222	17	1
959	5	1
1089	45	1
178	30	1
1183	17	1
1184	17	1
336	17	1
266	30	1
949	82	1
949	83	1
882	30	1
252	17	1
479	17	1
1185	2	1
991	62	1
344	17	1
135	17	1
1186	17	1
1004	71	1
1187	30	1
1188	62	1
527	17	1
1182	21	1
2	4	1
880	61	1
986	30	1
1091	21	1
1189	30	1
733	30	1
697	17	1
72	41	1
984	30	1
1190	0	1
1191	62	1
1153	2	1
1192	60	1
605	30	1
998	61	1
963	7	1
331	17	1
1193	62	1
1062	60	1
700	17	1
841	30	1
556	17	1
1191	5	1
199	17	1
396	17	1
1158	23	1
822	17	1
290	17	1
905	30	1
1194	17	1
144	9	1
1195	34	1
279	30	1
944	11	1
926	17	1
941	17	1
1104	54	1
1196	22	1
484	30	1
913	79	1
188	30	1
1197	84	1
398	30	1
98	30	1
698	30	1
1198	30	1
450	9	1
439	17	1
1199	62	1
1200	21	1
1189	30	1
1201	17	1
1202	51	1
196	17	1
1203	22	1
913	81	1
1204	30	1
1205	62	1
1206	21	1
661	17	1
1200	1	1
1207	17	1
1077	54	1
1208	17	1
365	43	1
1193	62	1
684	17	1
636	17	1
1209	30	1
547	17	1
14	39	1
1210	17	1
592	17	1
1004	47	1
1211	62	1
1212	21	1
1213	9	1
1214	17	1
462	30	1
1215	62	1
1216	30	1
1217	22	1
1146	80	1
114	48	1
317	17	1
891	17	1
1218	71	1
56	17	1
1219	17	1
1220	71	1
733	30	1
913	85	1
445	17	1
949	3	1
1139	17	1
22	47	1
22	20	1
415	17	1
742	9	1
1221	21	1
1072	61	1
72	44	1
1222	17	1
135	17	1
35	30	1
1223	17	1
426	17	1
1031	61	1
519	43	1
1187	30	1
576	30	1
1224	20	1
1225	30	1
1226	10	1
1227	17	1
210	17	1
869	30	1
1228	17	1
1229	17	1
525	30	1
578	17	1
1192	61	1
923	15	1
324	17	1
863	17	1
1050	0	1
1230	30	1
576	17	1
1221	62	1
722	30	1
606	30	1
1231	75	1
1232	17	1
1233	30	1
776	17	1
261	30	1
488	30	1
389	30	1
1234	62	1
575	17	1
465	17	1
286	7	1
1235	17	1
443	17	1
959	62	1
351	17	1
531	17	1
1236	30	1
526	17	1
751	30	1
1237	17	1
838	60	1
802	9	1
111	17	1
972	17	1
1238	75	1
1239	17	1
758	30	1
1240	5	1
1241	30	1
1242	21	1
854	17	1
1102	17	1
95	17	1
1104	62	1
305	30	1
1048	2	1
1243	21	1
651	30	1
779	17	1
1120	62	1
1244	30	1
18	10	1
173	30	1
766	51	1
1245	30	1
1246	9	1
1247	62	1
394	17	1
1248	30	1
1249	25	1
1250	17	1
205	17	1
1251	17	1
198	30	1
864	30	1
1252	17	1
1253	20	1
645	43	1
923	40	1
1254	21	1
913	72	1
937	34	1
491	17	1
1255	30	1
1140	17	1
1249	34	1
1141	30	1
571	17	1
923	13	1
1256	54	1
1257	17	1
1258	2	1
1259	17	1
1260	11	1
736	30	1
1261	17	1
1262	62	1
1263	17	1
384	30	1
95	17	1
1204	30	1
1264	17	1
1265	17	1
990	11	1
1052	30	1
1224	2	1
1266	0	1
1267	17	1
1268	17	1
1145	21	1
607	30	1
1200	61	1
747	17	1
762	30	1
39	7	1
1071	17	1
1269	17	1
1077	60	1
1192	2	1
1270	1	1
1120	60	1
1271	17	1
949	82	1
1272	30	1
249	30	1
534	17	1
58	7	1
5	9	1
1273	62	1
1054	17	1
1099	21	1
1192	62	1
807	9	1
344	17	1
870	17	1
1028	17	1
617	37	1
495	17	1
1274	61	1
589	17	1
1275	62	1
1268	17	1
1276	30	1
1277	54	1
1278	22	1
1279	30	1
1280	62	1
1281	17	1
1282	30	1
804	17	1
1283	17	1
1284	36	1
367	30	1
1285	19	1
157	30	1
731	17	1
368	17	1
283	17	1
1259	17	1
858	17	1
1106	62	1
1015	17	1
1200	21	1
1286	17	1
1236	30	1
416	17	1
919	17	1
180	17	1
1195	54	1
1287	30	1
1203	25	1
1245	30	1
219	30	1
1288	21	1
1289	17	1
1129	2	1
1104	0	1
1193	0	1
123	30	1
1290	30	1
1154	17	1
1291	30	1
994	62	1
1292	21	1
1293	62	1
1262	22	1
1294	22	1
542	30	1
133	30	1
1295	60	1
1119	17	1
853	17	1
1296	17	1
1297	62	1
1196	22	1
1298	0	1
1002	0	1
771	17	1
822	17	1
1299	17	1
1300	62	1
1301	17	1
1302	17	1
1303	21	1
268	17	1
1304	17	1
1305	17	1
1097	17	1
1306	30	1
50	9	1
376	30	1
1307	62	1
992	30	1
1278	22	1
1231	21	1
1062	0	1
1308	19	1
1309	5	1
1105	62	1
1310	17	1
1003	17	1
796	30	1
937	62	1
1311	22	1
472	17	1
1312	17	1
1301	17	1
1313	21	1
1004	67	1
598	30	1
441	30	1
1314	36	1
1315	36	1
1049	30	1
1129	47	1
22	36	1
724	17	1
652	17	1
352	17	1
1316	30	1
180	17	1
648	30	1
689	17	1
496	17	1
489	17	1
937	25	1
1317	17	1
858	17	1
959	5	1
1318	36	1
1319	17	1
949	86	1
3	6	1
1320	21	1
949	74	1
1321	30	1
34	30	1
1322	30	1
914	30	1
1297	62	1
1323	30	1
1324	61	1
1000	7	1
1031	61	1
949	74	1
1149	71	1
1004	54	1
1325	1	1
1054	17	1
949	77	1
1326	30	1
1327	62	1
385	17	1
1104	2	1
1076	0	1
1048	62	1
1328	21	1
1268	17	1
1078	62	1
693	17	1
1254	54	1
1306	30	1
1329	17	1
148	17	1
1330	17	1
1002	0	1
173	30	1
146	30	1
1076	0	1
618	17	1
1004	34	1
106	17	1
103	17	1
1277	22	1
500	17	1
899	30	1
1078	21	1
1331	17	1
714	7	1
1332	17	1
1333	0	1
802	9	1
1334	17	1
32	32	1
1335	30	1
1336	17	1
1337	0	1
991	21	1
1221	25	1
1338	30	1
852	30	1
1010	17	1
1339	61	1
1182	21	1
99	30	1
1242	25	1
844	17	1
1188	62	1
1109	30	1
185	30	1
1340	0	1
1341	62	1
1342	62	1
1113	30	1
640	17	1
1343	0	1
743	30	1
677	17	1
1344	30	1
462	30	1
1345	2	1
1285	75	1
1048	54	1
1346	37	1
1347	0	1
1004	61	1
1151	62	1
68	17	1
1348	36	1
811	7	1
1073	1	1
1119	17	1
1349	11	1
1039	17	1
1350	62	1
1031	25	1
1351	17	1
1352	17	1
888	17	1
862	17	1
1353	30	1
611	30	1
413	17	1
1220	11	1
80	17	1
1189	30	1
340	17	1
60	0	1
63	17	1
766	49	1
1271	17	1
1030	33	1
602	17	1
1096	7	1
1306	30	1
1354	54	1
1355	17	1
1356	62	1
572	30	1
1357	36	1
1146	6	1
1358	30	1
949	82	1
913	73	1
1202	43	1
1359	30	1
1249	2	1
1360	5	1
1361	30	1
1224	2	1
790	17	1
990	18	1
1362	62	1
923	50	1
1363	62	1
959	18	1
961	17	1
893	17	1
1364	35	1
1360	0	1
1129	19	1
1200	71	1
1221	54	1
994	22	1
1365	17	1
1366	5	1
1367	17	1
1191	5	1
1088	30	1
1355	17	1
1149	61	1
1115	17	1
1368	17	1
1222	17	1
1369	22	1
1256	21	1
1370	75	1
1077	62	1
1371	17	1
1372	22	1
1242	25	1
740	30	1
1373	62	1
1374	62	1
387	7	1
1311	71	1
1288	20	1
867	17	1
138	30	1
66	17	1
883	30	1
1375	17	1
49	30	1
418	30	1
160	87	1
1376	30	1
994	62	1
1377	17	1
1378	23	1
1379	17	1
440	17	1
249	30	1
1104	2	1
567	30	1
1380	17	1
1349	11	1
1039	17	1
1204	17	1
913	72	1
444	17	1
1203	75	1
863	17	1
1031	22	1
192	17	1
407	17	1
1221	54	1
1302	17	1
239	51	1
1381	54	1
583	30	1
1192	62	1
681	17	1
1382	21	1
1309	21	1
1383	62	1
1384	61	1
1163	62	1
1363	0	1
317	17	1
1385	11	1
866	30	1
62	30	1
812	30	1
805	30	1
1386	17	1
1387	22	1
1388	2	1
1389	30	1
175	30	1
530	17	1
979	71	1
1390	17	1
1391	17	1
1392	20	1
345	17	1
72	41	1
445	17	1
124	17	1
1307	20	1
1229	17	1
937	62	1
937	21	1
1393	30	1
1146	88	1
179	30	1
1394	30	1
23	7	1
1395	36	1
990	11	1
963	9	1
1396	5	1
1397	47	1
1221	22	1
132	30	1
1031	61	1
22	25	1
1193	62	1
853	17	1
196	17	1
944	71	1
1398	2	1
1399	36	1
1400	62	1
365	51	1
1401	2	1
306	30	1
365	44	1
398	30	1
1369	62	1
1402	62	1
1384	5	1
1008	17	1
1403	21	1
1130	30	1
89	17	1
1404	17	1
1274	61	1
1079	17	1
714	7	1
1405	17	1
949	3	1
1406	54	1
1407	9	1
1096	7	1
1387	54	1
1408	17	1
1160	2	1
1039	17	1
1409	30	1
290	17	1
243	17	1
1410	17	1
891	17	1
136	17	1
1411	17	1
934	17	1
442	17	1
96	9	1
1412	21	1
559	17	1
1133	62	1
913	89	1
913	90	1
1413	36	1
390	17	1
1414	17	1
1360	0	1
555	30	1
1415	30	1
1416	0	1
738	17	1
1417	47	1
1290	30	1
695	17	1
1418	0	1
1419	25	1
36	30	1
1420	62	1
979	47	1
16	10	1
1274	47	1
1328	61	1
1421	21	1
114	53	1
1422	62	1
1168	11	1
1423	17	1
1016	17	1
1424	62	1
1077	61	1
1398	2	1
1425	17	1
1354	62	1
1426	0	1
1062	60	1
1427	17	1
852	30	1
1134	17	1
1324	25	1
1428	61	1
1311	34	1
1429	10	1
824	17	1
474	17	1
1378	47	1
1308	25	1
693	17	1
749	30	1
404	30	1
430	30	1
1430	2	1
1133	60	1
1431	17	1
1432	5	1
1384	21	1
1017	37	1
238	30	1
586	43	1
270	17	1
1309	62	1
468	17	1
223	17	1
1433	11	1
147	30	1
90	17	1
1129	71	1
1374	0	1
674	17	1
1146	91	1
776	17	1
1434	62	1
1406	25	1
269	30	1
274	30	1
1435	43	1
5	9	1
645	33	1
1436	75	1
1031	34	1
1437	60	1
1111	62	1
209	17	1
1438	21	1
1221	25	1
1104	20	1
926	17	1
913	79	1
1439	61	1
20	16	1
752	30	1
1206	21	1
1307	2	1
609	17	1
1077	60	1
1154	17	1
1072	62	1
1440	17	1
1374	19	1
813	17	1
250	10	1
1441	25	1
1442	17	1
1443	54	1
1444	21	1
1149	47	1
1437	60	1
204	17	1
1242	75	1
1251	17	1
361	58	1
1354	1	1
1374	54	1
633	17	1
57	17	1
1445	62	1
1446	60	1
114	56	1
1447	17	1
231	30	1
1448	21	1
1256	62	1
746	30	1
1449	34	1
1075	0	1
422	17	1
650	17	1
375	30	1
1450	62	1
1451	17	1
534	17	1
1452	30	1
1453	2	1
926	17	1
1454	21	1
973	30	1
1455	17	1
1456	61	1
257	30	1
1027	5	1
1457	0	1
1249	2	1
1192	21	1
427	17	1
833	30	1
1311	22	1
1458	30	1
253	17	1
269	30	1
1242	5	1
1459	30	1
1173	17	1
141	9	1
1441	25	1
435	17	1
607	30	1
1460	62	1
609	17	1
962	32	1
1461	17	1
1462	2	1
1303	21	1
1092	0	1
607	30	1
234	30	1
160	57	1
131	30	1
242	17	1
1463	47	1
1464	17	1
755	17	1
1221	54	1
1004	11	1
959	0	1
1443	19	1
1465	62	1
1456	18	1
1385	11	1
360	17	1
1466	30	1
1405	17	1
94	30	1
1467	60	1
1443	18	1
433	30	1
986	30	1
1468	0	1
709	30	1
1469	17	1
1470	17	1
1471	17	1
1472	0	1
1473	60	1
853	17	1
72	41	1
1474	17	1
1406	19	1
1048	34	1
615	17	1
861	30	1
1475	34	1
1476	22	1
1477	61	1
1307	20	1
469	30	1
1478	30	1
714	7	1
1349	62	1
854	17	1
69	17	1
13	59	1
773	17	1
1375	17	1
1479	17	1
968	30	1
1480	62	1
1481	61	1
1101	33	1
1482	0	1
1366	25	1
1483	19	1
349	30	1
73	30	1
687	17	1
1203	25	1
1406	19	1
1077	5	1
1484	22	1
1477	11	1
531	17	1
263	30	1
1096	7	1
365	44	1
1002	0	1
1294	22	1
485	17	1
1485	30	1
1486	0	1
1174	2	1
1487	61	1
783	9	1
1488	17	1
612	17	1
1324	21	1
72	43	1
79	30	1
1489	61	1
1490	21	1
524	30	1
1441	21	1
1220	2	1
1309	71	1
1354	34	1
104	10	1
1491	62	1
1492	62	1
1493	22	1
970	17	1
1489	2	1
1494	62	1
1277	61	1
1495	36	1
1043	17	1
152	53	1
1342	62	1
1496	61	1
1497	21	1
1498	17	1
193	41	1
402	17	1
1499	34	1
1500	30	1
424	17	1
22	20	1
1397	18	1
463	17	1
1438	62	1
488	30	1
1501	17	1
1502	45	1
178	30	1
1149	2	1
45	17	1
1368	17	1
328	17	1
1054	17	1
1303	61	1
104	10	1
13	40	1
667	51	1
1203	54	1
1246	9	1
1456	21	1
1091	62	1
1503	30	1
959	47	1
1487	25	1
1504	9	1
215	17	1
1477	61	1
1505	62	1
1506	30	1
1221	22	1
1162	17	1
1087	17	1
1507	62	1
378	17	1
1129	18	1
436	17	1
1475	62	1
24	11	1
1435	43	1
1164	17	1
1508	25	1
1484	0	1
1509	21	1
626	30	1
1305	17	1
1510	30	1
1511	17	1
846	7	1
1505	21	1
1337	0	1
1421	23	1
1512	62	1
1513	61	1
1514	5	1
1253	22	1
1131	10	1
1515	30	1
1104	2	1
1516	61	1
1267	17	1
266	30	1
1517	21	1
1518	62	1
959	23	1
1519	17	1
1503	17	1
1209	30	1
1239	17	1
714	9	1
1303	61	1
194	30	1
806	17	1
1520	17	1
1521	71	1
1031	62	1
1110	0	1
1522	60	1
1260	0	1
1467	54	1
518	17	1
1200	60	1
1400	18	1
1484	0	1
670	9	1
22	47	1
1523	17	1
757	17	1
194	30	1
1107	0	1
1149	23	1
1524	45	1
1502	45	1
1525	2	1
1526	62	1
408	51	1
353	41	1
1527	60	1
1148	17	1
1528	75	1
1529	17	1
1031	25	1
979	0	1
1530	61	1
1102	30	1
1078	62	1
1531	17	1
1024	17	1
60	5	1
1532	62	1
1533	17	1
1534	0	1
1535	2	1
1536	60	1
1537	17	1
1224	2	1
1397	62	1
1149	71	1
1538	67	1
1473	61	1
1185	2	1
1539	17	1
331	17	1
1540	17	1
1192	61	1
999	17	1
565	17	1
1541	17	1
959	67	1
1542	17	1
20	16	1
115	17	1
1129	54	1
1543	0	1
1544	17	1
1386	17	1
1306	30	1
1086	75	1
990	67	1
1203	34	1
1199	75	1
1545	0	1
1476	5	1
1505	2	1
182	30	1
1546	0	1
1345	2	1
321	30	1
13	14	1
274	30	1
928	30	1
155	30	1
1292	21	1
1091	54	1
22	20	1
681	17	1
557	30	1
602	17	1
301	30	1
1456	62	1
1547	54	1
513	30	1
1437	60	1
857	17	1
990	61	1
1548	30	1
1549	20	1
716	17	1
317	17	1
1550	17	1
1551	17	1
395	17	1
619	17	1
944	11	1
1472	0	1
1397	47	1
250	10	1
1547	62	1
1317	17	1
1129	62	1
1552	17	1
1483	54	1
1453	21	1
1553	0	1
623	30	1
1554	34	1
1555	21	1
2	11	1
1107	0	1
1118	62	1
1419	34	1
1129	71	1
1556	17	1
1557	60	1
1558	0	1
1475	1	1
367	30	1
1559	21	1
1350	62	1
1560	45	1
1341	21	1
1505	67	1
913	92	1
874	30	1
106	17	1
76	30	1
1561	17	1
1562	62	1
1278	22	1
1056	17	1
1563	17	1
1564	30	1
1438	71	1
94	30	1
1565	17	1
329	30	1
1168	61	1
1324	21	1
1566	17	1
1567	2	1
1568	17	1
1569	17	1
1438	62	1
1104	47	1
1027	5	1
949	93	1
1570	2	1
1174	11	1
1453	5	1
1274	22	1
1571	62	1
1572	36	1
1010	17	1
1129	67	1
405	30	1
1450	54	1
453	17	1
1573	2	1
1574	62	1
753	17	1
1185	2	1
1004	25	1
1575	62	1
832	17	1
1488	17	1
1309	71	1
1377	17	1
628	30	1
1400	18	1
1576	62	1
608	30	1
1577	60	1
863	17	1
1578	54	1
1073	1	1
1579	17	1
1580	21	1
1581	5	1
21	17	1
1360	22	1
1582	17	1
1077	62	1
1255	30	1
1253	22	1
937	25	1
199	17	1
534	17	1
120	37	1
1583	17	1
17	10	1
1256	34	1
645	43	1
1584	17	1
1585	30	1
1580	22	1
1366	62	1
1586	62	1
1033	30	1
12	10	1
354	30	1
216	30	1
184	30	1
1587	75	1
1348	36	1
1499	21	1
1588	17	1
1453	22	1
1589	22	1
495	17	1
1590	17	1
865	17	1
949	94	1
1155	47	1
1591	45	1
829	17	1
1366	54	1
1592	71	1
387	7	1
1149	23	1
737	17	1
672	17	1
486	17	1
1426	0	1
1104	61	1
1262	36	1
1048	19	1
1307	62	1
1593	17	1
1411	17	1
1576	71	1
2	11	1
1594	5	1
893	17	1
1595	62	1
1519	17	1
1564	30	1
1231	19	1
1438	2	1
1532	21	1
1211	62	1
1030	33	1
1307	2	1
1596	17	1
1597	17	1
932	34	1
742	9	1
1598	62	1
879	30	1
1262	22	1
1592	11	1
1349	62	1
1312	17	1
1192	75	1
396	17	1
1599	17	1
1600	61	1
1098	62	1
667	53	1
1307	20	1
1155	62	1
1571	61	1
158	30	1
1350	62	1
1601	17	1
1311	25	1
1249	61	1
1309	71	1
676	30	1
1602	21	1
1603	2	1
1111	54	1
1430	20	1
1192	36	1
505	17	1
1417	23	1
1441	62	1
1441	34	1
1495	36	1
1604	17	1
374	17	1
1605	0	1
1606	5	1
1607	62	1
1608	11	1
32	33	1
1499	21	1
1367	17	1
157	30	1
1449	34	1
1609	30	1
521	17	1
1221	54	1
1309	2	1
1610	62	1
1611	36	1
1612	30	1
1491	21	1
796	30	1
1203	22	1
1613	36	1
1614	20	1
729	30	1
1354	62	1
959	0	1
1050	36	1
1615	17	1
1181	30	1
228	58	1
1616	62	1
703	30	1
979	61	1
32	49	1
903	30	1
1441	62	1
378	17	1
518	17	1
1004	2	1
1433	11	1
1617	17	1
520	17	1
1618	17	1
1516	61	1
802	9	1
1619	36	1
1117	17	1
1620	0	1
1621	21	1
1320	11	1
1622	17	1
852	30	1
914	30	1
1428	21	1
1623	17	1
203	30	1
122	7	1
114	53	1
1624	30	1
113	41	1
1625	5	1
1626	17	1
1564	30	1
1627	61	1
1628	11	1
1174	36	1
1000	7	1
1003	17	1
743	30	1
1629	17	1
1454	23	1
1098	62	1
1630	30	1
1477	22	1
1339	21	1
59	30	1
1631	25	1
1104	0	1
1632	17	1
1077	21	1
1048	2	1
70	17	1
1633	20	1
1634	41	1
694	17	1
371	30	1
841	17	1
1635	30	1
359	17	1
472	17	1
1636	11	1
1406	11	1
1438	62	1
716	17	1
1583	17	1
1637	17	1
1141	30	1
1527	75	1
670	9	1
68	17	1
2	0	1
1324	34	1
211	17	1
1581	34	1
1062	60	1
1638	62	1
302	17	1
1313	21	1
1639	20	1
433	17	1
1640	61	1
1327	62	1
50	9	1
1203	23	1
344	30	1
368	17	1
1374	25	1
812	30	1
242	17	1
305	30	1
699	17	1
1641	0	1
1642	62	1
893	17	1
326	30	1
1284	36	1
1149	21	1
1192	2	1
1643	62	1
1463	67	1
467	17	1
1567	2	1
1077	21	1
1262	61	1
1644	54	1
1049	30	1
1295	60	1
1645	9	1
913	95	1
1646	30	1
1647	0	1
1122	17	1
1648	22	1
949	93	1
1649	11	1
1650	30	1
1651	62	1
1652	17	1
1599	17	1
1204	30	1
776	30	1
932	19	1
395	17	1
1653	75	1
682	17	1
1607	21	1
1467	60	1
1347	22	1
1078	1	1
1654	22	1
726	17	1
75	17	1
90	30	1
571	30	1
1655	0	1
1639	71	1
1506	30	1
1174	0	1
1386	17	1
836	17	1
207	17	1
1505	61	1
1360	61	1
1048	21	1
378	17	1
1656	17	1
1657	62	1
1091	62	1
1658	30	1
569	30	1
1004	11	1
1659	5	1
1048	61	1
1631	71	1
936	17	1
902	17	1
1660	17	1
1362	67	1
1661	71	1
1662	17	1
1663	62	1
1664	36	1
1665	2	1
475	17	1
196	17	1
1666	45	1
77	30	1
1667	22	1
1489	62	1
380	17	1
1668	75	1
446	30	1
1669	22	1
1038	17	1
1277	54	1
1670	22	1
221	17	1
554	17	1
1420	11	1
917	30	1
1326	30	1
227	17	1
1671	17	1
1401	62	1
1661	71	1
1516	62	1
437	17	1
955	30	1
1274	62	1
751	30	1
1672	17	1
1456	47	1
134	30	1
1673	17	1
1674	21	1
1675	62	1
447	17	1
920	17	1
1676	17	1
878	17	1
33	30	1
1054	17	1
30	17	1
1387	21	1
1677	62	1
923	31	1
623	30	1
1192	2	1
1307	20	1
1678	62	1
1449	54	1
1223	17	1
1679	36	1
499	17	1
1576	11	1
1155	36	1
1266	0	1
1680	51	1
1681	22	1
913	65	1
1682	60	1
1592	71	1
174	17	1
672	17	1
556	17	1
1683	0	1
1515	30	1
1242	22	1
738	17	1
1684	30	1
424	17	1
1685	2	1
1686	30	1
1687	11	1
533	30	1
1476	54	1
1420	62	1
1688	62	1
1689	17	1
66	30	1
803	30	1
1690	54	1
1691	2	1
1692	17	1
1693	75	1
1694	0	1
753	17	1
1400	2	1
73	30	1
248	17	1
610	17	1
937	25	1
1467	11	1
1695	37	1
1174	0	1
1696	0	1
1648	54	1
468	17	1
1102	30	1
144	9	1
732	9	1
1697	17	1
418	30	1
1698	30	1
923	15	1
1699	0	1
1700	22	1
1701	62	1
1040	30	1
1351	17	1
562	37	1
306	30	1
366	17	1
1702	17	1
726	17	1
1649	11	1
453	17	1
194	30	1
1606	21	1
1554	25	1
1703	37	1
459	17	1
1704	62	1
1705	21	1
540	17	1
293	17	1
1706	17	1
1707	54	1
1708	11	1
554	17	1
1004	18	1
1709	20	1
1532	2	1
1710	17	1
1017	37	1
297	30	1
13	50	1
1711	5	1
1293	62	1
988	45	1
277	17	1
1712	17	1
608	30	1
949	3	1
1713	17	1
1714	17	1
1149	71	1
1647	0	1
1715	34	1
1659	5	1
1628	11	1
1321	30	1
132	30	1
1690	21	1
188	30	1
531	30	1
534	17	1
95	17	1
923	40	1
294	49	1
2	3	1
745	17	1
1716	2	1
1158	18	1
1717	62	1
1307	62	1
1718	36	1
1349	11	1
1475	61	1
1184	17	1
744	17	1
1172	17	1
1350	61	1
778	30	1
1022	17	1
1093	62	1
1719	17	1
1173	17	1
620	17	1
1720	1	1
22	25	1
707	17	1
1721	17	1
1385	62	1
1722	17	1
1403	21	1
1104	34	1
1639	0	1
1723	75	1
1724	2	1
1209	30	1
1725	25	1
1726	21	1
1221	34	1
1247	61	1
1727	21	1
1728	17	1
1273	62	1
801	17	1
754	17	1
1203	0	1
1729	62	1
1730	11	1
435	17	1
824	17	1
858	17	1
364	30	1
1731	17	1
1104	25	1
675	17	1
1664	61	1
963	7	1
1732	2	1
1669	21	1
164	30	1
1338	30	1
1733	61	1
1734	22	1
1017	37	1
144	9	1
1735	17	1
721	30	1
1736	75	1
1737	62	1
1724	2	1
1407	9	1
1738	17	1
913	73	1
1052	17	1
1739	11	1
1191	75	1
216	30	1
383	17	1
1452	30	1
1740	25	1
1655	11	1
1741	30	1
1515	30	1
937	25	1
1248	17	1
138	30	1
1742	25	1
1491	0	1
1743	2	1
1744	62	1
959	22	1
913	66	1
1203	21	1
783	32	1
958	0	1
1745	54	1
1746	0	1
1099	2	1
751	30	1
563	7	1
587	30	1
949	83	1
1747	30	1
1748	60	1
1521	62	1
433	17	1
1453	2	1
1749	67	1
261	30	1
946	17	1
1570	61	1
501	7	1
1129	47	1
1527	21	1
1750	36	1
128	17	1
22	47	1
152	32	1
1320	2	1
40	9	1
1751	17	1
1654	54	1
1274	61	1
1752	61	1
1753	71	1
1256	1	1
582	17	1
70	17	1
1754	62	1
238	30	1
92	17	1
310	30	1
1755	2	1
1756	17	1
1370	62	1
1757	34	1
1758	62	1
1759	22	1
418	17	1
164	30	1
1686	30	1
1760	62	1
1761	2	1
602	17	1
513	17	1
1762	21	1
1763	0	1
1743	47	1
1764	62	1
443	17	1
386	17	1
1720	61	1
1532	61	1
1435	41	1
1765	36	1
959	19	1
990	25	1
414	17	1
1450	22	1
1766	62	1
1767	9	1
1388	2	1
1768	62	1
1769	20	1
1366	19	1
1398	62	1
989	60	1
1770	17	1
1508	20	1
1690	61	1
698	30	1
1387	62	1
1765	36	1
633	17	1
1771	7	1
1746	22	1
118	17	1
1489	2	1
1740	1	1
1562	36	1
1453	1	1
1029	17	1
2	11	1
1772	17	1
1773	17	1
1616	62	1
1774	62	1
1775	54	1
1664	62	1
294	51	1
1643	0	1
1776	17	1
1345	2	1
1755	11	1
1547	54	1
332	30	1
262	30	1
959	34	1
1032	17	1
303	17	1
1777	45	1
1202	48	1
1097	17	1
1778	30	1
1101	53	1
1779	2	1
783	32	1
1543	0	1
736	30	1
1441	62	1
1780	96	1
1640	22	1
1096	7	1
913	68	1
1781	62	1
1782	97	1
1783	62	1
1048	19	1
1784	10	1
1785	11	1
401	17	1
1786	5	1
711	17	1
1249	61	1
247	17	1
511	17	1
1231	34	1
1062	60	1
1073	62	1
1384	62	1
1787	22	1
1309	62	1
90	30	1
1127	17	1
536	30	1
1690	21	1
959	0	1
949	93	1
1788	21	1
1789	47	1
1790	17	1
1248	17	1
1581	54	1
1270	20	1
1791	21	1
1198	30	1
959	5	1
1504	9	1
1792	75	1
1639	20	1
1089	45	1
1078	61	1
1460	62	1
324	17	1
1004	23	1
460	17	1
1793	2	1
959	5	1
1574	62	1
251	17	1
1467	23	1
1477	2	1
171	17	1
1607	21	1
569	30	1
113	51	1
783	49	1
1723	67	1
1744	62	1
1794	5	1
1016	17	1
1708	20	1
81	17	1
298	17	1
1795	62	1
1796	5	1
1797	30	1
1324	19	1
405	30	1
1399	36	1
1115	17	1
418	30	1
1798	17	1
1799	21	1
1800	30	1
1475	2	1
1801	21	1
408	48	1
598	30	1
1802	23	1
1803	0	1
1034	17	1
1804	0	1
1805	17	1
1792	54	1
22	54	1
1077	71	1
1287	30	1
645	33	1
1806	30	1
991	22	1
1807	0	1
1507	62	1
1801	61	1
1808	17	1
1809	62	1
1810	22	1
1811	75	1
776	17	1
1382	22	1
1812	1	1
1743	21	1
1592	21	1
369	17	1
1401	2	1
604	17	1
1031	1	1
1072	36	1
1230	30	1
1283	17	1
1813	17	1
1799	75	1
1814	30	1
1815	2	1
1769	5	1
1816	36	1
1817	2	1
1230	30	1
31	17	1
1818	17	1
1819	61	1
1554	25	1
1820	62	1
403	45	1
1231	61	1
1821	60	1
1451	17	1
1822	17	1
655	30	1
1786	60	1
1823	62	1
1155	62	1
1736	62	1
1782	98	1
1645	9	1
860	17	1
1824	0	1
1282	30	1
1825	62	1
1826	30	1
142	17	1
853	17	1
1827	21	1
1228	17	1
1828	99	1
1335	30	1
469	30	1
187	52	1
1829	100	1
1581	5	1
1345	62	1
1575	62	1
89	17	1
1769	20	1
1830	36	1
835	17	1
1831	60	1
1832	36	1
1833	11	1
1834	0	1
368	30	1
1835	2	1
937	25	1
1836	62	1
92	17	1
1837	41	1
270	17	1
1838	30	1
1400	21	1
1839	21	1
439	17	1
1840	30	1
1483	21	1
1487	2	1
465	17	1
1841	62	1
1149	18	1
671	17	1
1842	62	1
1653	5	1
766	51	1
176	30	1
1769	1	1
1331	17	1
1715	54	1
1231	19	1
849	17	1
1843	54	1
1844	101	1
510	17	1
1573	1	1
353	32	1
1081	17	1
1845	17	1
1846	62	1
1847	62	1
962	33	1
1848	62	1
668	17	1
178	30	1
1849	17	1
1134	17	1
1850	102	1
77	37	1
1851	62	1
1021	17	1
1581	34	1
1468	0	1
1743	36	1
1106	62	1
895	30	1
1360	5	1
1852	21	1
1843	2	1
1066	60	1
1775	54	1
1270	1	1
1853	17	1
1006	17	1
1831	60	1
1048	71	1
267	30	1
420	17	1
509	17	1
1769	62	1
1854	22	1
1855	5	1
1454	23	1
1856	0	1
1602	21	1
1639	61	1
1857	5	1
1324	21	1
1858	61	1
1704	62	1
1077	2	1
1859	75	1
1639	1	1
1681	22	1
1860	61	1
1300	0	1
1861	0	1
1270	21	1
1221	25	1
1033	30	1
1256	62	1
1397	47	1
991	62	1
1862	30	1
1005	30	1
784	17	1
1110	62	1
1197	103	1
555	30	1
1467	54	1
1407	9	1
891	17	1
1863	25	1
1285	54	1
128	17	1
1864	22	1
1865	22	1
908	17	1
1656	17	1
1866	104	1
1081	17	1
415	17	1
1056	17	1
1038	17	1
943	0	1
1708	21	1
32	43	1
1110	61	1
73	30	1
137	17	1
1867	22	1
448	17	1
1705	21	1
1158	47	1
1868	17	1
795	30	1
1261	17	1
427	30	1
295	17	1
1792	21	1
1869	75	1
1870	30	1
1662	17	1
1871	30	1
1763	0	1
1872	17	1
1489	22	1
14	39	1
572	30	1
1490	22	1
1873	61	1
959	54	1
1874	105	1
1484	0	1
1875	11	1
1687	20	1
1785	11	1
1876	61	1
399	17	1
1785	20	1
1877	17	1
1878	32	1
1406	11	1
1879	106	1
378	17	1
1720	21	1
1192	36	1
1690	61	1
365	44	1
1743	21	1
923	40	1
1812	71	1
1449	34	1
1880	11	1
715	30	1
1881	62	1
1011	17	1
106	17	1
1882	5	1
1477	2	1
1742	21	1
161	17	1
1073	21	1
1883	17	1
1318	36	1
1221	21	1
1874	107	1
1723	20	1
1438	61	1
1884	30	1
1256	1	1
1885	60	1
1803	62	1
1886	21	1
468	17	1
710	17	1
949	77	1
77	37	1
1887	0	1
142	17	1
1521	0	1
1857	61	1
1888	36	1
1889	62	1
1288	20	1
1890	52	1
766	32	1
989	60	1
1891	62	1
1892	30	1
1893	21	1
1508	25	1
1894	17	1
1891	54	1
1895	5	1
1700	61	1
1792	11	1
1896	22	1
1897	0	1
1752	61	1
404	30	1
615	17	1
1387	22	1
1592	2	1
959	62	1
923	15	1
122	9	1
1192	75	1
1285	25	1
1176	22	1
14	27	1
387	17	1
1539	17	1
20	16	1
1898	22	1
1521	0	1
1790	17	1
1249	18	1
1899	17	1
1900	17	1
86	45	1
1867	21	1
1901	21	1
1902	5	1
1475	61	1
1762	62	1
1091	61	1
1263	17	1
953	30	1
1903	60	1
1463	67	1
1904	2	1
1004	47	1
660	30	1
1905	61	1
1844	108	1
1906	25	1
13	50	1
1907	30	1
338	17	1
847	17	1
1323	30	1
1499	21	1
1591	45	1
1908	62	1
1909	62	1
1328	22	1
1910	62	1
1541	17	1
1451	17	1
1911	17	1
1782	5	1
1203	34	1
894	30	1
238	30	1
1309	5	1
1649	54	1
1912	30	1
1600	22	1
342	30	1
1913	62	1
542	30	1
1572	36	1
1914	21	1
1707	21	1
268	17	1
1581	5	1
1052	17	1
1099	2	1
1350	21	1
105	17	1
1564	30	1
1863	21	1
1742	22	1
66	30	1
986	30	1
1631	22	1
1404	17	1
1915	36	1
1155	36	1
108	10	1
1739	62	1
923	13	1
1639	11	1
1802	19	1
13	29	1
1072	22	1
1916	61	1
1917	17	1
1863	25	1
1918	62	1
1919	20	1
1920	21	1
1555	22	1
1592	62	1
1828	109	1
1342	62	1
999	17	1
1921	34	1
1648	25	1
113	48	1
1411	17	1
1802	18	1
1922	30	1
365	51	1
1895	5	1
1231	21	1
1181	30	1
1869	5	1
317	17	1
707	17	1
1923	21	1
1924	0	1
1925	67	1
294	51	1
382	30	1
1149	23	1
843	17	1
1926	62	1
1927	61	1
1887	0	1
1928	0	1
1273	62	1
965	17	1
1607	21	1
1823	20	1
1104	11	1
1483	25	1
1929	2	1
1930	60	1
1888	5	1
1264	17	1
1101	33	1
560	30	1
1931	62	1
622	30	1
1127	17	1
536	30	1
1487	34	1
1932	17	1
1204	30	1
877	17	1
1933	5	1
1853	17	1
1129	71	1
1934	17	1
728	17	1
1066	60	1
181	45	1
1935	0	1
1189	30	1
1936	6	1
1491	36	1
1256	5	1
526	17	1
1328	62	1
100	17	1
1937	110	1
1938	0	1
986	30	1
13	24	1
1875	11	1
949	3	1
1939	75	1
1097	17	1
1311	62	1
1707	21	1
1155	34	1
1654	54	1
1469	17	1
1349	5	1
605	30	1
1940	5	1
1400	18	1
1559	61	1
1175	30	1
1513	22	1
1941	62	1
264	17	1
1834	0	1
841	17	1
1942	17	1
1091	21	1
1743	71	1
1221	22	1
1649	2	1
1571	71	1
1619	36	1
1943	75	1
1104	75	1
1795	75	1
1274	47	1
1242	25	1
436	17	1
1944	21	1
1939	21	1
424	17	1
1945	47	1
1438	75	1
913	111	1
1438	62	1
1647	2	1
1104	47	1
1488	17	1
24	36	1
1467	34	1
1886	22	1
1249	2	1
1649	21	1
1171	62	1
1946	60	1
671	17	1
425	17	1
68	17	1
1723	54	1
1947	22	1
1742	1	1
1889	2	1
13	12	1
9	10	1
